5 0.00205078 0.0424922 0.00286946 -0.430848
4.9 0.00245801 0.0441846 0.0030694 -0.436211
4.8 -0.00185059 0.0424697 0.0028673 -0.449262
4.7 -0.0013457 0.0455332 0.00320193 -0.461033
4.6 -0.00138965 0.0446592 0.0031025 -0.472219
4.5 -0.000458008 0.0453252 0.00324809 -0.484738
4.4 -0.000808594 0.0466973 0.00344172 -0.499809
4.3 0.00299121 0.0476338 0.00354681 -0.512596
4.2 -0.00256641 0.0506543 0.00406002 -0.526672
4.1 0.0032793 0.0507598 0.00399284 -0.541754
4 0.00445312 0.0518672 0.00421981 -0.559236
3.9 -0.00027832 0.0549795 0.0047628 -0.5785
3.8 -0.000881836 0.0544111 0.00460257 -0.597063
3.7 0.00172266 0.0566582 0.00499173 -0.615285
3.6 -0.00128906 0.0579668 0.00527953 -0.636959
3.5 0.0014541 0.0622334 0.00597875 -0.660754
3.4 0.00025293 0.0629307 0.00617725 -0.682855
3.3 -0.000324219 0.0670879 0.00720137 -0.715729
3.2 0.000163086 0.074042 0.00841088 -0.748271
3.1 -0.00175781 0.0774023 0.00940414 -0.776576
3 0.00380078 0.0843652 0.0113186 -0.814395
2.9 -0.00322949 0.0941689 0.0136201 -0.861037
2.8 -0.0050166 0.108229 0.0179241 -0.908943
2.7 -0.00306348 0.123153 0.0233769 -0.964865
2.6 0.00062793 0.153071 0.0360801 -1.02818
2.5 -0.00351074 0.201229 0.0604062 -1.10656
2.4 -0.00219043 0.318771 0.137989 -1.21228
2.3 -0.00353516 0.563355 0.360186 -1.3747
2.2 0.0093457 0.78401 0.624303 -1.54716
2.1 -0.0142646 0.86855 0.756432 -1.66179
2 0.0184229 0.910829 0.830345 -1.74443
1.9 -0.0395771 0.93796 0.880174 -1.80855
1.8 -0.0241484 0.956904 0.915862 -1.85896
1.7 -0.0138955 0.970126 0.941261 -1.89873
1.6 0.0176211 0.97942 0.959336 -1.92775
1.5 -0.0691924 0.986636 0.97349 -1.95161
1.4 0.0267217 0.99136 0.982819 -1.96795
1.3 -0.0279541 0.994841 0.989721 -1.98045
1.2 0.112627 0.996881 0.993779 -1.98806
1.1 -0.000900391 0.998488 0.996982 -1.99413
1 0.00204688 0.99933 0.998662 -1.99737
